	mnk	mkn	mkn_blk	nel_4	4_avx2	4_avx2_opt	mkl
64	4.44	15.26	5.95	5.19	27.13	30.52	0.01
128	3.56	15.14	5.41	10.39	34.88	34.88	0.13
256	3.47	15.47	6.30	15.27	39.56	25.61	1.19
384	3.71	15.40	6.48	15.80	41.13	41.82	3.83
512	3.64	15.73	6.47	15.91	40.86	41.32	8.11
768	3.24	13.96	6.46	15.55	35.00	30.31	19.42
1024	2.28	8.72	6.45	15.02	27.80	26.73	21.52
1280	1.62	6.37	6.25	13.59	24.67	25.21	36.45
1536	1.31	6.01	6.39	14.04	22.16	22.45	47.68
1920	0.89	5.97	6.29	12.82	22.86	23.14	52.40
2048	0.82	5.96	6.28	13.68	22.44	22.57	59.16
2560	0.78	5.90	6.17	13.64	22.66	22.16	75.24
3072	0.72	5.90	6.13	13.50	22.26	22.70	78.72
3840	0.65	5.91	6.05	12.83	24.57	23.93	87.58
4096	0.63	5.90	5.99	12.95	22.22	22.27	85.80
5120	0.61	5.89	6.00	12.13	21.76	21.76	87.80
							
							
							
	mnk	mkn	mkn_blk	nel_4	4_avx2	4_avx2_opt	mkl
64	0.055	0.016	0.041	0.047	0.009	0.008	31.587
128	0.548	0.129	0.361	0.188	0.056	0.056	14.535
256	4.506	1.01	2.48	1.023	0.395	0.61	13.114
384	14.23	3.424	8.141	3.338	1.282	1.261	13.768
512	34.359	7.946	19.31	7.855	3.059	3.025	15.408
768	130.047	30.21	65.295	27.13	12.055	13.919	21.725
1024	437.917	114.622	154.969	66.591	35.966	37.413	46.467
1280	1202.53	306.398	312.253	143.677	79.157	77.467	53.587
1536	2579.07	561.5	527.846	240.339	152.322	150.315	70.787
1920	7415.51	1104.09	1048.18	514.033	288.376	284.82	125.8
2048	9723.08	1341.3	1274.13	584.951	356.538	354.436	135.227
2560	19983.7	2649.97	2533.06	1145.77	689.67	705.218	207.657
3072	37365.7	4575.01	4404.9	2000.1	1213.01	1189.43	342.993
3840	80649.3	8919.81	8712.16	4110.77	2146.64	2203.45	602.112
4096	100865	10850.3	10678	4941.56	2880.1	2874.36	745.913
5120	205288	21207.3	20819.3	10307.1	5744.91	5744.26	1423.74

